# DeltaR_tautau    DeltaR_bb
0.997337 1.073574
1.681848 3.164850
2.323393 0.542225
2.287732 1.758176
0.826160 0.508882
2.645401 1.832266
0.625103 0.668745
0.439106 0.534946
0.329187 1.601447
1.023374 0.659820
0.577082 0.539708
0.598722 0.516940
0.844413 0.608004
0.695996 0.596302
1.973801 1.043857
0.648648 0.336063
1.176124 0.868646
0.598325 1.248333
0.789143 0.627709
1.738590 0.707753
0.581945 0.654934
0.596824 0.511579
0.643993 0.455644
1.104845 0.982495
1.423350 0.737072
1.170631 1.628124
1.472039 0.786383
0.496872 0.542563
2.098242 0.509136
0.661176 0.551044
0.683634 0.914001
0.579183 0.528070
1.168623 0.519263
0.584454 1.038522
0.522269 0.918196
1.237435 3.504811
0.540884 0.935260
1.369231 0.775422
0.424669 0.813960
0.778669 0.714637
1.505194 0.832000
0.636439 1.181384
0.482288 0.575319
1.092939 0.952323
0.706094 0.640233
0.649452 0.407804
0.863738 2.158438
0.620599 0.687256
0.841746 1.430378
0.462140 1.648577
0.999399 0.577951
0.902350 0.646799
3.038225 3.004349
0.819694 1.241242
0.764898 0.617186
0.586719 0.415693
2.135089 0.400231
0.506655 1.445379
0.578543 0.616169
0.938046 0.761401
1.723617 3.095238
2.597893 0.539107
0.719050 0.834946
1.183932 0.929784
2.874560 1.994744
0.608904 0.982630
1.170662 0.549213
0.647031 1.347949
1.247396 0.478351
0.646676 0.417257
1.004225 1.010682
1.667681 1.523054
0.821179 2.702011
0.820857 1.803324
0.370444 0.929349
0.501021 1.361006
0.682816 0.612140
0.709154 0.733608
0.728936 0.665425
0.483853 1.768866
0.478566 2.308213
1.391680 0.842089
0.686487 0.703364
0.764504 3.369178
0.541244 0.851158
0.745343 0.501273
0.522549 0.529050
2.340440 2.410836
0.446752 0.569243
0.818285 0.420177
0.628632 0.626972
0.857846 0.703150
1.031729 0.831313
0.698411 0.883538
0.857184 2.592432
0.319579 1.017486
0.489562 1.862678
0.851084 0.744956
0.549632 0.667631
1.136778 0.973500
0.540906 0.481513
2.062169 0.490477
0.680536 0.571208
0.598020 0.531877
1.525833 1.066920
1.059566 0.692535
0.833446 0.702109
0.526576 2.570498
2.736698 1.217552
0.734389 0.568591
2.396747 2.999420
0.509043 0.643621
0.547192 0.550318
1.189250 1.488547
0.905930 1.989990
0.881724 2.717046
2.025110 0.720903
1.081240 2.882715
0.665296 0.598854
1.167911 1.994745
0.562838 0.688679
1.295639 1.029475
0.611208 1.008339
2.286797 0.673389
1.116504 0.603234
0.608699 0.626542
1.434130 0.553243
0.557032 0.585109
0.498671 0.713228
0.481523 0.881773
0.579188 0.832102
0.635824 2.721780
1.251693 1.438450
0.655615 0.871750
0.966361 0.640317
2.470694 2.261815
0.741182 0.613999
1.843186 2.138335
1.372896 0.905889
1.201852 0.452368
0.660873 0.442551
1.750956 0.976057
0.511033 0.917987
0.631709 0.636870
0.703607 0.666922
2.621766 3.115822
0.997626 0.778475
0.372111 0.505047
0.682386 0.887264
0.749578 0.605698
1.532037 1.986620
0.557553 0.871611
1.137272 3.481060
0.960526 0.542649
0.980345 0.644224
0.906803 1.152224
0.551545 0.656389
1.519417 0.601493
0.482679 0.964712
0.699064 0.488575
0.581754 0.539209
0.562699 0.710830
1.185391 0.957524
0.595554 0.516847
2.437783 1.466851
0.490630 1.881591
0.534113 0.632893
0.555574 0.764280
0.859837 0.491282
0.564407 0.570397
0.573884 0.557141
2.148720 0.696570
0.696800 0.730981
0.963526 0.771212
0.479340 1.138283
1.084554 0.575870
1.029858 0.890497
0.563299 0.845464
1.893687 3.323946
0.767154 1.084877
0.592475 0.668629
1.016794 3.119151
0.952693 0.673333
0.634103 0.576760
0.928109 0.646651
1.634236 1.368280
2.408690 0.755593
1.698000 0.725455
1.465792 1.254754
0.735800 0.653431
0.742599 0.510824
0.692637 0.961358
0.618966 0.467771
1.114211 1.008520
1.099795 0.547054
2.901913 0.279857
0.544132 0.602064
0.505316 0.684371
1.098422 1.170796
1.574134 2.014654
1.393578 2.042287
0.637666 0.644241
1.305870 3.402178
1.157912 1.979479
0.653827 0.683391
0.609924 0.805401
1.919230 0.820440
0.571856 0.751301
0.854031 0.838789
0.506187 0.621744
1.750677 2.407803
0.589611 0.766209
1.356567 0.961558
1.427632 2.032816
0.600646 0.586425
1.494790 0.560745
0.691172 0.641930
0.949443 0.718699
0.821618 0.797512
0.633820 0.621230
0.604762 0.585182
0.587625 0.843656
0.713523 0.484763
1.393649 0.520050
0.539330 0.529841
0.885388 0.906814
0.626295 1.078762
1.280438 2.720610
0.330892 0.896234
1.433788 0.912230
0.860995 0.574848
0.506795 1.002336
0.804294 0.759243
0.621779 0.627240
0.626811 0.601914
0.983178 1.096222
0.474201 0.759525
1.617486 1.156887
3.091614 0.777289
0.473176 1.065759
0.948679 0.347988
1.990078 0.970214
1.437164 0.531216
0.485457 0.766568
0.884465 0.522475
1.284871 0.868835
0.530397 1.163260
0.993007 0.890689
1.391577 1.104867
3.591940 0.556242
0.895057 0.843706
1.401746 1.122538
0.363628 0.475725
2.877260 2.158354
0.495726 1.601352
1.579385 2.515432
0.320466 0.866507
1.091839 2.469054
0.675109 0.670187
0.781628 0.899537
0.972242 0.716252
0.512681 0.449194
1.466101 1.018930
1.291283 0.540423
0.536841 0.547380
0.686993 1.098457
0.864375 0.759064
1.406548 1.917982
0.709804 1.533305
0.954962 0.570688
0.730379 1.320052
0.526189 0.568349
1.622506 3.505459
0.525706 0.550961
0.628745 0.568194
0.594993 0.721529
0.675956 1.317857
2.977919 2.200658
1.050609 0.890520
0.453989 0.664534
1.213981 0.424260
0.545526 0.909145
0.472571 0.467066
0.618701 0.599725
0.839565 0.998700
2.731876 0.690263
2.275114 1.724473
1.054557 0.712631
1.031096 5.713674
0.821455 0.817719
0.623597 1.414051
0.303832 2.077506
2.751899 0.934257
2.492523 1.040758
1.404248 1.120019
1.828711 0.767959
2.137886 1.216309
0.983772 0.995063
0.626002 0.762616
2.206660 0.593087
0.540220 0.569118
0.480580 0.469234
1.724805 1.413191
0.564368 0.502463
0.589469 0.593566
0.561511 0.533375
0.573579 0.553342
0.516283 1.758084
1.877840 0.390154
1.045939 1.693529
0.922598 0.749786
0.572680 0.534596
2.136111 2.018889
3.199199 0.818832
0.617273 2.357383
1.312298 1.822337
0.692533 0.890929
0.568523 1.253887
0.777106 1.042826
1.221608 0.857966
0.443794 0.718327
0.555986 1.217836
0.658550 0.597264
1.157437 0.480060
1.054784 1.585709
0.640312 0.559598
0.993045 0.683205
0.955663 0.711242
1.335587 1.406587
0.588651 0.865870
3.138517 3.596928
0.656624 0.696547
0.664498 0.612978
0.834421 0.743044
0.843620 1.015980
0.738161 0.601242
0.495337 1.047541
2.760336 2.756478
0.876762 0.356300
1.204178 1.663748
0.560168 0.650826
1.476493 0.759722
0.842362 0.860032
2.406353 2.421848
1.436300 0.880594
0.487298 0.474023
0.494643 0.555835
0.872934 0.605594
0.835211 0.900051
1.645248 1.541765
2.968186 0.697711
0.490483 0.828901
2.378542 3.179825
0.563468 1.085857
0.696973 0.418548
0.579496 0.739144
1.145833 0.337760
0.830804 0.927666
2.483374 1.771541
1.600322 0.806498
2.781261 0.998895
0.689673 0.564092
0.669676 2.428617
1.127791 0.624169
1.372801 1.451399
0.435834 0.796218
1.222746 0.799136
0.635497 0.531802
1.793611 0.228911
0.679762 0.614264
0.793758 0.767987
0.498289 0.628450
2.968541 1.075462
0.732588 1.082360
3.293079 0.937019
1.564101 3.707052
0.820722 0.812466
0.686499 0.663789
2.622162 1.890445
0.585757 0.551862
0.928829 0.669485
2.891125 inf
0.654544 1.097184
0.549213 0.539629
1.712687 1.707626
0.942365 0.991168
0.369938 1.834991
1.261414 1.813404
0.704735 0.774920
0.661176 inf
0.967078 1.375552
0.507749 0.384286
0.511958 0.697077
0.394850 1.082204
2.589732 0.814333
0.700673 0.719997
0.436632 0.446959
0.654622 0.590708
0.492444 0.455711
0.502733 0.647050
0.603316 0.645134
1.027325 0.708610
0.560116 0.639807
0.909795 0.637960
2.198391 0.593074
0.861666 0.640096
0.827220 0.898680
1.301911 0.912334
3.332501 0.205281
0.734624 0.759162
2.583162 1.906317
0.965946 0.947219
0.491268 2.945068
0.796786 0.521110
0.344870 0.861239
1.784111 1.008552
0.916157 0.889128
0.964064 1.106192
0.444575 0.779151
1.531812 0.895386
2.168619 0.935226
2.547873 3.439344
0.643291 0.509922
0.987924 1.486120
0.675247 0.606459
0.614766 3.487059
1.331326 1.606505
0.511832 1.277131
1.509599 0.700789
0.648549 0.755745
0.430323 0.890537
0.669097 0.650762
1.165996 2.009714
0.608370 0.519000
0.686315 0.657618
0.792297 0.521994
0.626092 0.677680
0.538371 1.168157
0.467711 0.464976
0.486240 1.537778
1.318411 2.676223
0.745141 1.379027
0.481926 0.937480
1.739209 1.191870
0.873944 1.261792
1.502566 0.692485
0.559512 0.892322
1.337400 0.833709
0.528190 0.668248
0.691109 0.715400
0.552668 0.455574
0.727202 0.701196
0.663266 2.717217
0.568035 0.669691
2.040731 0.648715
0.883765 1.451401
0.702652 0.494970
0.817310 0.530205
1.525265 0.987033
1.153533 2.578127
0.758150 0.504756
0.556156 0.694220
0.706866 0.570697
0.777518 2.102730
0.738426 1.158814
1.309864 0.799235
1.363494 2.016797
0.726650 0.565276
0.648625 0.454047
0.721777 0.670061
1.022541 1.040104
0.675717 1.555506
2.494685 0.635705
0.488349 0.998960
1.245172 3.085484
0.461388 0.647612
2.040015 2.461380
0.495090 0.706725
0.561961 0.822772
1.743542 0.883482
0.793857 0.737663
2.660811 2.778307
0.764842 0.797862
1.740068 0.369322
1.126607 0.692372
0.607340 0.641360
0.632847 2.086968
1.626754 0.617525
1.196816 0.533679
1.057123 1.744232
0.449778 0.600609
1.362989 0.606381
0.763316 1.103489
0.759288 0.680155
1.005425 2.220045
0.984068 2.792744
4.156425 0.729158
0.643649 2.761330
0.624874 0.640199
0.759668 0.875952
0.406203 1.138528
0.953550 0.976791
1.021086 1.437430
0.771862 0.536566
1.878967 2.015212
1.695794 3.018393
1.808462 1.610986
0.551834 0.730072
1.376308 1.683178
1.944743 2.286736
0.705018 0.580573
0.776558 2.672264
0.615006 1.662107
0.917657 0.839324
1.126313 0.846959
0.723236 1.057963
1.549769 0.583352
0.852487 0.325021
1.042661 0.994047
1.125578 0.604442
1.276033 0.514967
0.769691 3.146370
0.891148 0.481979
1.049600 1.747295
0.419873 0.806485
0.619782 0.740144
2.133248 0.535993
1.513508 1.131544
1.061797 0.482390
1.721776 0.215232
0.549486 0.645161
0.545755 0.663089
0.916079 0.468095
0.569990 0.474911
0.906852 1.220134
1.252882 0.539691
0.752613 0.590502
0.694284 0.751865
0.618736 0.820524
1.140295 2.699540
2.066830 3.020066
2.118806 2.844431
2.554478 1.459450
1.236950 1.492685
0.809653 0.550168
0.517673 0.645943
0.393826 1.193496
0.489659 0.764039
0.512135 0.515496
0.680277 0.754596
0.520987 0.702957
0.855784 0.788872
0.852229 0.306869
0.732875 0.690877
0.674809 0.528413
1.734309 1.061372
2.966260 0.994349
0.545959 0.546917
0.781031 0.976941
0.611167 0.615163
0.796674 0.689016
0.646789 0.959989
0.619468 0.645160
0.566399 1.650039
0.958215 1.191178
1.317645 1.468723
0.525747 1.587584
0.615190 0.831140
0.533296 0.661644
0.618109 0.880299
0.589338 0.821237
0.525350 0.943724
0.448399 1.186704
0.897510 0.247774
3.159133 1.572381
1.036479 0.590733
0.518322 1.697637
0.609459 0.526449
0.735613 0.627436
1.349239 inf
0.347225 0.229968
0.551331 0.889934
0.534208 1.590196
1.316739 1.559872
0.628950 0.509228
0.620302 0.521700
0.822079 0.692454
0.517170 0.802237
2.011885 1.560948
1.415872 inf
0.725509 0.532408
0.500445 0.877705
0.963226 0.706809
0.617459 0.692846
2.527760 1.720113
2.392674 0.831650
1.299986 0.770633
2.195828 0.696024
2.851014 2.053487
1.109522 1.765330
1.109558 0.938741
0.760422 0.627475
0.617389 0.662108
0.900492 0.521994
0.497534 0.645672
1.288018 0.597983
0.891851 0.644509
1.925005 2.351048
0.496544 0.622280
0.750867 0.870129
0.808331 1.087382
0.592116 0.711061
0.397829 0.498667
2.351959 1.285036
0.568692 0.448227
2.562097 2.360295
0.721164 0.819527
0.916538 0.541232
0.599879 1.122895
0.671731 0.606615
2.791063 3.411619
0.996770 1.656106
0.538369 0.540420
0.540082 0.441930
0.581307 1.118092
0.578650 0.545137
0.585172 0.594890
0.797655 1.155629
0.624551 0.541693
0.930450 0.458395
0.971824 0.433122
0.538224 0.657038
0.795690 0.881115
0.680075 0.584229
0.605811 0.535062
0.550826 0.555662
2.095390 0.641671
1.637243 0.447215
0.815123 0.699670
0.660076 0.550909
2.789474 2.660575
0.900200 0.534086
0.500615 0.944698
0.935766 1.103401
0.595662 0.577005
1.117879 0.612455
0.646517 0.595021
0.391798 0.726497
0.683527 0.794022
0.455007 0.469098
0.896279 0.776374
1.298271 0.927648
0.690602 1.090565
1.181908 1.930890
0.773563 2.057703
0.608185 0.514391
0.779971 1.953061
0.517863 1.627530
1.068999 1.697145
2.277499 2.098766
1.276839 0.875255
0.490775 0.714660
2.207265 0.654702
0.529269 1.278469
0.689912 1.138204
1.238207 0.818741
0.524967 0.466897
1.252117 1.228844
0.980296 2.155783
0.503731 0.664012
1.636654 1.630927
0.787753 3.062939
2.605795 0.476884
0.830862 1.097806
1.206136 4.100342
1.230377 0.690421
0.969870 0.687110
0.751569 2.476025
0.567871 0.525541
2.228883 1.097540
1.000434 1.026962
1.145098 0.541603
1.310993 0.876391
0.542242 0.743161
1.442748 0.610683
0.549193 0.926025
0.602988 1.072671
1.631464 0.489536
1.437829 1.283900
0.719143 0.537337
0.715357 0.613356
1.025467 0.990236
0.664149 0.908888
0.571547 0.678428
0.660051 0.432658
0.676319 2.807055
1.382703 1.534222
0.658301 0.838548
0.688103 2.887915
1.412985 2.098822
0.863944 1.482383
0.948313 0.770447
1.695518 2.886477
0.469570 0.564446
1.734797 1.187271
1.343851 1.357121
0.792001 1.018161
2.278414 0.637519
0.513118 0.478521
0.484958 1.217431
0.540351 0.553235
1.789131 0.841825
0.575383 0.614487
0.352544 0.996842
1.571945 0.447313
2.377021 0.843087
0.700016 0.476581
0.530643 0.580220
2.244787 1.469335
0.600021 0.605930
1.089496 1.650344
0.610585 1.132950
1.657490 1.214569
0.514354 0.699042
2.124095 1.296952
0.569845 0.526452
0.957787 0.556659
0.974116 0.675933
0.708158 0.863140
0.896401 1.097845
0.609955 0.547266
1.090048 0.744387
0.791578 3.091078
0.746731 0.469166
0.553513 1.434248
0.967870 0.812783
2.133869 3.738422
2.004206 0.703303
0.368801 0.659575
0.651690 0.575983
0.493885 0.892012
1.566421 0.861601
1.319859 0.544820
0.635328 0.783393
0.595967 0.576220
1.410518 0.416533
3.483966 1.004287
0.904198 0.853474
0.661996 0.244810
1.169022 1.471699
3.572796 0.566386
0.522106 2.011953
2.201391 0.118758
0.556810 0.629509
0.560541 1.262383
2.025126 1.266463
0.706897 0.770079
3.193761 1.124480
0.478996 0.768739
0.649803 0.588440
0.866446 0.544951
0.586649 0.561108
0.768453 0.441557
0.558771 2.102666
2.818932 1.835576
1.101835 0.796751
1.214333 0.756454
3.234857 1.502189
0.582124 0.541145
0.858768 0.683129
0.678593 0.661736
0.417189 0.641826
0.589651 0.978348
0.956520 1.068743
1.508103 2.014168
1.254032 4.660735
0.648941 0.612417
0.870445 0.828183
1.373153 2.602299
0.810974 1.563431
0.926472 0.799142
1.236370 2.477237
0.515351 1.561818
0.253573 1.363931
0.412046 2.158477
0.584329 0.525746
0.538708 0.606878
0.761829 1.174270
2.061732 0.856469
0.741417 0.671786
0.420369 0.788102
0.590310 0.534067
0.648243 0.690953
1.334059 3.368455
0.566623 0.533878
0.690788 0.650991
0.594406 1.211476
1.462793 1.125178
0.558664 0.765469
0.779628 0.799770
0.815769 0.937231
0.397265 0.694392
0.884341 1.024714
0.449461 0.585080
0.584767 0.532698
1.211205 1.293122
0.571172 0.629417
0.666845 0.545936
1.976765 1.064245
3.574798 0.442911
0.619257 0.615871
0.558365 1.261899
0.639157 1.033163
1.588916 1.447582
1.571891 0.668712
0.933098 0.588249
0.829468 0.602092
0.625214 2.031030
0.807218 1.400270
1.067381 0.701172
1.116426 1.175597
3.956672 0.752134
1.008502 0.514317
1.263831 0.167388
0.621475 0.528609
0.606580 0.481187
0.580589 0.822417
0.615570 3.263610
0.436708 0.692705
0.773260 0.569008
0.684290 0.620539
0.481277 0.809984
0.781601 0.899059
0.887109 2.571463
0.698293 0.793307
1.227896 0.918708
0.913127 0.778990
0.851674 2.664314
0.845878 0.312825
0.587669 0.622983
0.656565 0.767824
1.292099 0.696188
0.708816 0.724001
0.704440 0.545618
0.678043 0.436631
0.649662 0.718328
0.607805 0.630010
0.555232 0.687603
2.228597 1.080779
1.093294 3.406651
1.218939 1.154234
2.388715 3.099518
4.356314 inf
1.288743 0.708642
0.789940 2.094457
0.664912 1.001640
1.975111 0.675350
1.520413 1.926372
0.432242 0.504580
0.578013 0.712245
0.819933 0.619427
1.399056 0.308032
0.780982 0.532976
0.329547 2.200936
0.471284 0.812474
2.280991 1.972291
0.500973 1.215239
0.984298 0.666401
0.713119 0.674240
0.548211 0.725251
2.020812 2.060951
0.963992 0.571028
1.150518 0.696546
2.694003 2.586497
0.936530 0.523626
0.764602 2.072890
0.830169 0.505755
0.446801 0.669223
0.616245 0.545380
1.815092 2.322744
1.300460 0.557184
0.773504 0.794449
1.652393 2.793208
1.059489 1.610682
0.795553 0.752230
1.292434 1.147972
0.731909 0.704578
1.016043 0.408175
3.019312 2.075629
1.595514 1.422290
0.738419 0.690308
0.522469 0.809321
1.259365 0.653254
0.920883 0.571533
1.492416 1.260866
2.354250 0.681280
0.812896 0.634021
0.762211 1.066224
1.234048 4.234426
0.520969 1.606824
1.103093 1.655808
0.933696 0.856458
1.152095 0.902939
0.647984 0.921829
0.758107 0.827352
1.159745 1.616819
1.423732 0.688366
0.923645 0.813339
0.974394 2.295691
1.904243 0.562165
0.869126 0.745742
1.120153 1.078630
0.571156 0.810274
0.919449 0.982170
0.539411 2.752141
1.929475 0.580945
2.689100 0.482684
0.967136 1.473321
1.183557 0.734433
0.623583 0.661724
0.603680 1.402220
0.605163 1.073402
0.563123 2.639117
0.599662 0.856234
0.890396 1.501211
1.171686 0.602941
0.727426 0.684063
2.263937 0.367513
0.776799 1.076549
0.878996 0.705218
0.654624 0.584306
0.709066 0.561080
0.561511 0.836279
0.793504 1.202631
0.634927 0.820483
0.606530 0.544098
2.557068 0.518000
0.836974 0.849367
0.626630 0.882465
0.765883 0.615639
1.646370 1.315115
0.523438 0.631234
1.078430 1.377448
0.280342 0.761462
0.625022 1.033563
0.667268 0.751995
0.577009 0.571429
0.589684 0.575191
0.919735 1.098705
0.398769 1.947390
0.466019 0.571509
0.499963 0.813053
0.781511 0.793995
0.710542 0.865596
1.087127 2.326316
1.165877 0.763917
2.289170 2.442119
3.054680 0.941224
1.387056 1.078088
0.710560 0.653459
0.333248 0.627354
0.748765 1.066524
0.463435 0.621570
0.590389 2.224440
0.719330 1.595755
0.594831 0.649276
1.754845 2.191237
0.539427 0.472885
1.065876 1.263730
0.649439 0.517080
0.487286 0.600544
1.005020 2.935832
1.930887 0.881382
1.604510 0.401667
0.922297 1.070021
1.308218 0.494998
0.740884 0.609743
1.262394 1.462638
0.523884 0.514284
2.360574 2.456343
0.532275 0.589019
0.676758 0.636394
1.604685 1.455300
1.179565 0.927117
0.701152 0.759435
0.943540 1.114140
1.243937 0.637012
0.643309 0.604186
3.003657 0.589958
0.517998 0.710181
2.445401 1.162354
2.238218 1.289106
1.215681 0.664370
0.590635 0.885752
0.989236 1.082023
0.565197 0.672920
0.521876 0.927011
0.970292 2.948774
0.998089 1.261865
0.947991 0.648113
1.740354 0.596795
0.660842 0.878052
0.831634 0.512442
0.759557 0.630727
0.742377 0.863721
1.795596 0.639734
1.748378 0.901818
0.598109 0.535498
0.604170 0.549899
0.960692 0.620512
2.221861 0.621609
1.067065 0.462676
0.525520 0.630988
0.806276 0.628887
2.257727 0.639724
0.602736 0.344609
1.893369 0.580385
1.659884 0.283130
0.565757 0.862339
1.611803 3.665476
0.787236 0.704779
0.586367 0.563679
0.901592 0.439372
1.234432 2.042285
0.516376 0.643036
0.612051 0.551682
0.918393 1.976290
1.675127 0.812139
0.418222 2.623943
1.257985 0.633676
0.436166 1.017227
0.570514 0.684870
0.643990 0.797837
3.531374 1.341593
2.627066 1.382290
0.540744 0.880401
0.844690 0.680027
0.767749 0.356572
0.709302 0.277943
0.701611 0.804910
1.121391 1.155014
1.134111 0.606054
0.501559 0.508146
0.614154 0.477936
0.537773 1.118755
0.817292 0.635954
1.457068 1.996856
0.634601 0.806789
0.881293 1.273153
0.724274 0.626381
1.146745 0.542158
0.562957 0.529711
0.623181 0.498544
0.577742 0.517324
0.604425 0.626589
1.226473 0.593328
0.494328 0.939910
1.381516 1.201770
1.123471 0.821806
0.689375 0.962779
1.282178 0.575732
0.936886 0.357811
0.608667 1.105362
1.810197 1.646555
1.340991 1.128027
0.873132 0.644797
0.578246 0.659026
0.910183 2.571511
1.897724 0.418872
0.668036 0.589789
0.915932 0.648291
0.534554 0.602370
0.706364 1.126376
0.744127 0.618394
0.809046 1.463263
1.919970 0.707015
0.466497 0.569857
1.338003 0.757770
0.659055 0.972004
3.336638 2.417032
0.641178 0.545992
0.819963 1.222414
0.553314 0.992109
2.680036 3.135223
0.662399 0.559447
0.557691 1.021047
1.314391 0.215775
1.138951 0.787675
1.966876 1.019243
2.758583 0.976432
1.680490 2.621623
1.472230 1.575148
3.386728 1.958656
0.935317 1.154164
0.618339 0.504547
0.842028 0.651460
0.967601 7.893774
0.635987 0.662265
0.390135 0.850151
1.216680 0.886488
1.194883 0.732394
0.772003 0.584265
0.511816 0.567440
0.824964 0.782507
0.525875 0.571820
0.632131 0.622394
0.543595 0.558847
1.294984 0.949526
0.974777 3.052875
0.482894 0.628654
0.892898 0.965315
0.585853 0.763263
0.761656 1.676963
0.814496 2.886040
2.018338 0.455221
1.217309 1.479943
1.337502 2.971223
0.529181 0.647175
0.582890 0.450639
1.051514 0.520327
0.763128 0.557179
0.772649 0.594016
2.725700 1.803135
0.875355 0.831259
1.064863 0.935458
0.711507 0.752592
1.255539 0.836166
1.671132 4.471891
0.649525 0.480126
1.026269 1.925892
0.565787 0.614671
1.338595 1.589996
1.311179 1.462340
2.722578 0.459818
0.624576 0.686965
0.472542 0.809476
2.311087 0.989151
0.807854 1.012123
1.882771 0.671448
0.874694 0.981288
0.865843 0.852465
0.533266 0.486055
1.683237 0.755559
1.039735 0.636328
1.146170 1.276846
0.506077 0.541646
0.728288 0.265997
0.784287 1.937557
0.656262 0.581643
0.566205 0.544262
0.744206 0.880547
0.583559 0.552211
0.877487 1.988268
0.816108 1.543001
0.647266 0.719480
1.190971 0.770590
0.656072 0.695669
0.650423 0.436611
0.565020 0.876824
2.509391 0.938595
0.741270 0.694338
0.733039 0.681364
0.920414 0.608865
0.640256 1.203697
0.861092 0.906101
2.901295 2.477670
3.263070 2.125590
0.497053 0.305275
0.580087 0.783044
0.669772 0.768584
0.914220 0.294434
0.663013 0.571851
1.659672 1.682773
0.682012 0.510620
0.561871 1.064315
0.646383 0.701505
2.256283 1.297741
0.590642 0.681445
0.528449 0.607414
1.872297 0.916323
1.121086 1.585209
1.306780 0.575245
1.786927 1.388118
0.580196 0.426015
1.094327 1.634781
2.754525 1.588710
0.483714 0.480947
0.473924 0.949587
1.693792 2.144300
1.092067 1.092185
0.685422 0.981028
2.942924 3.237439
0.609525 0.849871
0.994485 0.103039
0.659991 2.064121
0.612646 0.797158
0.668091 0.607052
0.405203 0.561116
1.230998 1.992493
0.552678 0.553759
1.972799 2.116572
0.549427 0.612375
1.999559 0.499931
0.593559 0.676860
0.625822 0.682583
1.734481 0.477296
2.417933 1.228515
2.167593 0.713810
0.966637 2.629421
0.879711 2.977964
0.856981 1.046804
0.671630 0.681167
0.697954 0.356252
1.640681 2.318383
0.309310 1.024901
1.202190 1.167427
0.520430 0.596497
0.894032 0.817746
0.458904 0.898463
0.986007 0.940740
2.282838 1.404299
0.782200 0.471705
0.638973 0.622286
0.581164 0.650262
0.674208 0.582328
0.474053 0.684054
0.648523 2.413203
0.527214 1.427445
0.968084 0.540604
3.278335 2.880972
1.470321 1.156039
0.480487 0.474632
1.348893 0.432720
0.538981 0.632396
0.659569 0.894627
1.954240 1.245432
0.968919 0.799444
0.592588 0.578662
0.402121 0.746495
0.456847 0.537278
0.669411 0.695437
0.598374 2.657360
1.304392 0.609046
0.604020 0.681871
0.804572 0.667408
0.581656 0.607735
0.764916 0.685898
0.466516 0.944627
0.856436 1.246712
0.678680 0.883282
3.277003 1.106431
2.780101 0.629904
1.053031 0.609847
1.041815 0.385310
1.302377 0.413101
